9
9
-220710 92418 -227020 392730 1330509 311176 490025 -1280711 327745 -3847371
-120735 50556 -227020 214835 1330509 170223 268058 -700587 327745 -3103399
-102613 42967 -227020 182589 1330509 144673 227823 -595430 327745 -2969206
-99960 41857 -227020 177868 1330509 140933 221934 -580038 327745 -2952325
-84187 35252 -227020 149801 1330509 118694 186913 -488508 327745 -2833366
55940 -23424 -227020 -99540 1330509 -78870 -124200 324605 327745 -1799268
59845 -25059 -227020 -106488 1330509 -84375 -132870 347263 327745 -1765523
66570 -27875 -227020 -118454 1330509 -93856 -147799 386283 327745 -1718664
130606 -54689 -227020 -232399 1330509 -184140 -289974 757866 327745 -1242385